WINDOW FormPlay 0x000a (0x100a, 0, 0, 1280, 720, 1.0, NULL, NULL, NULL)(0, 0, 0, 0, 0, 0, 0, 0, 0, 0, 0, 0)
{
	WINDOW PlayStateBar 0x000d (0x0002, 70, 25, 1110, 61, 1.0, NULL, 0x3000, 0x2202)(0, 0, 0, 0, 0, 0, 0, 0, 0, 0, 0, 0)
	{
		WINDOW PlayStaLab 0x000e (0x0002, 15, 9, 145, 48, 1.0, 0x5027, 0x3000, NULL)(0, 0, 0, 0, 0, 0, 0, 0, 0, 0, 0, 0)
		WINDOW PlaySongIndex 0x000f (0x0002, 180, 9, 145, 48, 1.0, NULL, 0x3000, NULL)(0, 0, 0, 0, 0, 0, 0, 0, 0, 0, 0, 0)
		WINDOW PlaySongType 0x0010 (0x0002, 440, 9, 55, 45, 1.0, NULL, 0x3000, NULL)(0, 0, 0, 0, 0, 0, 0, 0, 0, 0, 0, 0)
		WINDOW PlaySongName 0x0011 (0x0002, 510, 9, 275, 45, 1.0, NULL, 0x3000, NULL)(0, 0, 0, 0, 0, 0, 0, 0, 0, 0, 0, 0)
		WINDOW pro 0x0012 (0x0002, 930, 15, 91, 36, 1.0, NULL, 0x3000, 0x200c)(0, 0, 0, 0, 0, 0, 0, 0, 0, 0, 0, 0)
		WINDOW count 0x0013 (0x0002, 1040, 20, 40, 25, 1.0, NULL, 0x3000, NULL)(0, 0, 0, 0, 0, 0, 0, 0, 0, 0, 0, 0)
		WINDOW pause 0x0014 (0x0002, 887, 18, 33, 35, 1.0, NULL, 0x3000, 0x2214)(0, 0, 0, 0, 0, 0, 0, 0, 0, 0, 0, 0)
		WINDOW Repeat 0x0015 (0x0002, 832, 20, 40, 35, 1.0, NULL, 0x3000, 0x2216)(0, 0, 0, 0, 0, 0, 0, 0, 0, 0, 0, 0)
		WINDOW NextSongName 0x0016 (0x0002, 510, 9, 275, 45, 1.0, NULL, 0x3000, NULL)(0, 0, 0, 0, 0, 0, 0, 0, 0, 0, 0, 0)
		WINDOW NextSongType 0x0017 (0x0002, 440, 9, 55, 45, 1.0, NULL, 0x3000, NULL)(0, 0, 0, 0, 0, 0, 0, 0, 0, 0, 0, 0)
		WINDOW NextSongIndex 0x0018 (0x0002, 180, 9, 145, 48, 1.0, NULL, 0x3000, NULL)(0, 0, 0, 0, 0, 0, 0, 0, 0, 0, 0, 0)
		WINDOW NextStaLab 0x0019 (0x0002, 15, 9, 145, 48, 1.0, 0x5028, 0x3000, NULL)(0, 0, 0, 0, 0, 0, 0, 0, 0, 0, 0, 0)
	}
}
